0 0.849836 0.739855 0.100000 0.097500
0 0.884338 0.583480 0.229004 0.650250
0 0.929836 0.968802 0.100000 0.062395
14 0.147469 0.693802 0.215265 0.612395
14 0.464836 0.599302 0.850000 0.801395
14 0.588236 0.899302 0.453200 0.201395
20 0.054836 0.572605 0.010000 0.010000
20 0.144836 0.569605 0.010000 0.010000
25 0.076336 0.693605 0.073000 0.060000
25 0.472336 0.481605 0.865000 0.524000
3 0.419336 0.504480 0.821000 0.673750
3 0.658229 0.994300 0.043215 0.011391
3 0.899918 0.479170 0.200164 0.938870
7 0.009918 0.740105 0.019836 0.343000
9 0.733086 0.232575 0.016500 0.038500
9 0.813436 0.267730 0.177200 0.108810