0 0.488500 0.732205 0.110000 0.107250
0 0.553500 0.821580 0.540000 0.270000
14 0.006715 0.987485 0.013430 0.025030
14 0.014250 0.442120 0.028500 0.030000
14 0.026750 0.645080 0.053500 0.303000
14 0.486750 0.572370 0.973500 0.311580
14 0.500000 0.469080 1.000000 0.105000
14 0.526750 0.582290 0.946500 0.835420
20 0.553495 0.476580 0.428030 0.060000
3 0.553495 0.969530 0.117330 0.005900
3 0.583500 0.049580 0.160000 0.078000
3 0.583500 0.088580 0.320000 0.020000
7 0.403500 0.332290 0.720000 0.664580
7 0.486000 0.381180 0.125000 0.265200