0 0.368500 0.732205 0.110000 0.107250
0 0.368500 0.819080 0.410000 0.275000
14 0.466750 0.582290 0.933500 0.835420
14 0.500000 0.469080 1.000000 0.105000
14 0.506750 0.572370 0.986500 0.311580
14 0.966750 0.645080 0.066500 0.303000
14 0.979250 0.442120 0.041500 0.030000
14 0.986785 0.987485 0.026430 0.025030
20 0.433495 0.476580 0.428030 0.060000
3 0.433495 0.969530 0.117330 0.005900
3 0.463500 0.049580 0.160000 0.078000
3 0.463500 0.088580 0.320000 0.020000
7 0.321750 0.332290 0.643500 0.664580
7 0.366000 0.381180 0.125000 0.265200